Algo: 1 Time: 0.000000 Recursive Calls: 0
Algo: 2 Time: 0.000000 Recursive Calls: 0
Algo: 3 Time: 0.000005 Recursive Calls: 0
Algo: 4 Time: 0.000000 Recursive Calls: 0
